function [z] = error_function(x,y)
%UNTITLED3 求解实际地形高程值
    w=[0.015741947256125873 0.029181762221841167 -0.03019463773301098 -0.00961410686748717 -0.014841512797295408 0.02591071305201341 0.019658247403339536 0.015730449865370866 -0.013466287962495186 0.034931986747538855 -0.0025834365623492142 -0.030599499634011505 -0.003731779157002333 0.037730218008774935 0.015921574242018205 0.03291464573681553 0.029804800963379445 0.039038184507169255 -0.041498896671475265 -0.02370309230045526 -0.004077997722399787 -0.023233551803375913 0.009120558527891495 -0.02558453660180802 -0.024481408786799302 -0.02239212499082634 0.03925540749157433 0.020178429518128586 0.017649496791861962 0.028278974057721357 -0.0204862660295635 0.010279282832485472 -0.0341197084885721 -0.015679967495912852 0.0033153281842636904 -0.020668566132442112 0.017295550693015836 -0.00110254386798399 0.02671526576947511 -0.013752122752107136 -0.002157481379572117 0.010144075074699464 0.015332103867137091 0.009619328280631539 0.013189472989152105 -0.03917307363781362 0.018944968743725376 -0.009345339548887131 -0.039395584654427114 -0.025243332920699118 -0.02498447417443539 -0.03244195300975323 0.009952749547963716 -0.010860207183870733 0.011738195866295428 -0.013296102908310228 0.007972550206916597 -0.01895372351649359 0.024924529546916898 -0.007550541410338581 -0.023494385576304608 0.016412842137071025 -0.02397558860990479 0.0006794770774249731 -0.015138546588141016 0.007073543584809445 0.005659907931733205 -0.039811232466286796 -0.0353287389352357 0.006828196011589096 -0.013325432555951122 0.026510651018065805 0.0224156150684158 -0.0012462438434817265 -0.03943458096760709 0.016599998758010572 -0.010163783272851655 0.02660978275529637 -0.01719541591341753 -0.00024215772135043336 -0.03751430808949381 -0.03217800498910953 0.007733061766134085 -0.022882607254283652 -0.036979145438186346 -0.03636399932291337 -0.015227533823931093 -0.02661485401739927 -0.017881111446574827 -0.006028274838663793 0.03707904982064008 -0.015399153053079286 0.02755518914168727 -0.028056003774845836 0.02751327544957071 0.02099387654863743 -0.009069026818315165 0.031737474253898695 0.03316333968986752 -0.001892589965403262 -0.017910763273367148 -0.009379187921679834 -0.020387573719007516 -0.03797725366894662 0.038918271862302005 -0.025983786962798558 0.03924361344822246 0.030136336317182027 0.024490836162106976 0.0002777038794104443 -0.027292263368139905 0.009491304996618053 -0.03578207462674782 -0.040622776298065315 0.009512056067545474 0.0120960809288412 -0.010200286071253619 -0.03191032924270966 0.03456921077607043 -0.0350040580708572 -0.027308628437684928 0.03279034148891648 0.03531583396507649 0.013089798688025562 0.024744753882107836 -0.01991651274094947 -0.013622673577668405 -0.007234334486889829 0.035407094167788554 0.026210134836240347 0.034587531887052575 -0.040077452109975265 -0.02519015726784763 0.019063924953569948 -0.010193806587249818 0.031066790145183414 0.041753251246992314 0.006487661931731146 -0.001872819227629778 0.022828578641897735 -0.03554575377059333 -0.01433893197857947 -0.032655001975392194 0.010524159612562003 -0.027356833274805266 -0.02914635372776008 0.030846167261954674 -0.024960510099637012 0.020380444854444252 0.01157720752311098 -0.009121010181125013 0.03589943687460431 -0.03484052020910039 -0.02359098799581605 0.005233181993519322 0.023375341963416892 -0.04073990859969146 -0.0057391339330256355 -0.0164911399846964 -0.026363013175391553 -0.020841709224307406 -0.0017019440761826836 0.007918721184541549 -0.03781397842078929 0.0015997112478521914 0.04047930280887204 0.039005187199810706 0.010867405305415762 -0.01719385811596488 -0.041575151203772316 0.02873678879099504 0.0370388906667686 -0.030868013112357436 0.040330400491255615 0.015755949685461457 0.027958619995412947 -0.00966195343981833 0.011807739780597718 0.017830173350553882 0.030208002791577777 0.022964839571137746 -0.010205041889983592 -0.03984565386160834 0.01724368431177946 0.020980378620811407 0.030028803444412614 0.03197790343716883 -0.04056573393721872 -0.035461182386020355 -0.026335334230934402 -0.0341711624919117 -0.028268559041549762 -0.006689494577311753 -0.013880364683957131 -0.017976736874716195 0.001163659356650917 0.010286039100231611 -0.022140248392485035 -0.031816348150524816 0.0240184962534626 -0.005495323929248309 -0.012624042197671907 -0.00142795676404826 0.0005344665158472073 0.03145551366228569 0.011597466636413685 0.023860898542618147 0.03293784983412337 -0.04132480072185539 -0.003009525127462529 -0.011275074964108024 -0.0268113835821617 0.02528757262901414 0.025477972851738303 0.02875795098616457 0.032678973637600466 0.03744956547318997 -0.0016689719199975343 0.007208045170658968 0.026128254174373675 0.007001615769299893 -0.0039592498221976856 -0.008379840835671818 -0.036032310763903994 0.02138705818400294 -0.002396155911183982 0.017121319904144637 -0.021720100247400783 -0.030251933621448377 0.011160375102416152 -0.034724450627630715 -0.009169228797667248 -0.008716477786244963 -0.034288164806884854 0.017797281347513558 -0.03457969616061234 -0.0018232370292655356 -0.02299034188658308 -0.015230502806098783 0.03524119551566646 -0.016969496244971093 0.03897271266463319 0.015455312278641853 0.0040364945848848505 0.019445963905149036 0.009265024907624342 0.0038231756037206926 -0.019265346528239663 0.011909939196506254 0.019106338610116107 -0.011224355711350921 -0.023408212417043002 0.02118656704178755 0.015781337162436477 0.01741339625581443 -0.01713909823064776 -0.001608347216309174 -0.017205119851476883 -0.021461205152310807 -0.01475166210917561 0.022921227989886384 0.014279728163628658 -0.004348660420530575 0.020406289974824677 -0.016720202950553445 0.006715612844065575 0.013738988730327717 -0.011119985001183465 -0.03782532920061225 0.023899808870219003 -0.0020783922030473993 -0.03853891634149105 -0.025791871929226627 -0.0008348719566514893 -0.03981890810423019 -0.02556415987314356 -0.00022282347019677486 0.006150460664836094 0.00692100917584965 0.023993795168032066 0.015130977181296345 0.0176912670186225 0.03847540537934796 0.008092487094469861 -0.03328566146200013 -0.014143804408916499 0.021774482862418853 -0.036797731979796466 -0.026603321711269192 -0.04167869411441788 0.00721499087400782 0.029710520044609934 0.03698425461573197 0.03729914449206276 0.022745284329006868 0.024233426477772563 0.012985239576921954 -0.010593152556643679 0.023023697371578715 0.036098861778927537 0.03466239468308944 -0.009386096040270932 0.0028192867481926973 0.01835942219726084 0.015959031869396498 -0.04038108101606254 0.023189007037488607 -0.015377035046291088 0.017094814899261027 0.02367004474557906 0.008040376407212538 0.008614254033169066 -0.0326643682976538 0.036054834800733335 -0.02583087031568741 0.04156084119697126 -0.03254089917998585 -0.035725784468812145 0.003242074556675588 -0.017959298929347677 -0.04089100391415916 -0.03971904608650596 -0.019718519760028037 0.03498863418534605 -0.005703196813450012 0.03557257725034976 0.03218798202243999 -0.017535756722924112 -0.02428939169882219 0.021571362497184443 -0.011918959934691081 0.01942319310147872 -0.02415627899338056 0.01469997405830023 0.030702345225563546 0.020315652060626178 0.02237269677367466 -0.0012333543730081806 -0.028065080176198375 -0.005306423381993202 -0.03840666489254986 0.031362585705208314 0.028769121763448632 0.016849494898994632 -0.024072474804492112 0.018575204617804136 0.026774352123077688 0.03198712842674299 -0.015199686370796448 0.0415443054346576 -0.037847475978342725 0.019881640182420068 0.04094984605612268 0.025895672916806514 0.032341176879331635 -0.013814404637853024 0.006234884212538835 -0.038297850081088915 -0.025725150075968116 -0.0006901806496053507 0.035155310841270715 -0.015431581826652658 0.014399183489839797 0.031445623633923746 0.019124016042262847 0.03796372543574915 0.04118188466830595 -0.0065792055853606 -0.03233072821212189 0.02991349459256971 -0.02246426712078833 0.03063987978165796 -0.021046735393027538 -0.014317539465693339 